             1.22469            0.996918            0.996921                   0         -0.00978171
              1.2247            0.996904            0.996914                   0         -0.00978183
             1.22472            0.996858             0.99689                   0         -0.00978224
             1.22477            0.996774            0.996846                   0         -0.00978299
             1.22486            0.996613            0.996762                   0         -0.00978448
             1.22499             0.99637            0.996635                   0         -0.00978682
              1.2252            0.995984            0.996433                   0         -0.00979082
             1.22549            0.995456            0.996156                   0          -0.0097968
              1.2259            0.994696            0.995758                   0         -0.00980649
             1.22643            0.993737            0.995256                   0         -0.00982051
             1.22704            0.992622            0.994672                   0         -0.00983934
             1.22773            0.991355            0.994008                   0         -0.00986401
             1.22851            0.989937            0.993266                   0         -0.00989583
             1.22938            0.988365            0.992442                   0         -0.00993628
             1.23033            0.986638            0.991537                   0         -0.00998701
             1.23137            0.984755             0.99055                   0          -0.0100499
              1.2325            0.982714            0.989481                   0          -0.0101269
             1.23372            0.980514            0.988328                   0          -0.0102203
             1.23503            0.978155            0.987091                   0          -0.0103327
             1.23644            0.975634             0.98577                   0          -0.0104666
             1.23794            0.972949            0.984362                   0           -0.010625
             1.23953              0.9701            0.982868                   0          -0.0108111
             1.24123            0.967085            0.981287                   0          -0.0110283
             1.24302            0.963903            0.979617                   0          -0.0112805
             1.24492             0.96055            0.977858                   0          -0.0115715
             1.24692            0.957027            0.976009                   0          -0.0119058
             1.24903             0.95333            0.974069                   0          -0.0122879
             1.25125             0.94946            0.972037                   0          -0.0127229
             1.25357            0.945413            0.969912                   0          -0.0132161
             1.25601            0.941189            0.967693                   0          -0.0137731
             1.25857            0.936786             0.96538                   0             -0.0144
             1.26124            0.932204            0.962972                   0          -0.0151033
             1.26403            0.927441            0.960468                   0          -0.0158895
             1.26694            0.922497            0.957868                   0          -0.0167659
             1.26997            0.917373            0.955173                   0          -0.0177399
             1.27313            0.912068            0.952382                   0          -0.0188192
             1.27642            0.906582            0.949495                   0           -0.020012
             1.27983            0.900919            0.946513                   0          -0.0213266
             1.28337            0.895079            0.943437                   0          -0.0227714
             1.28704            0.889065            0.940268                   0          -0.0243553
             1.29084             0.88288            0.937008                   0          -0.0260871
             1.29477            0.876528            0.933659                   0          -0.0279758
             1.29883            0.870015            0.930223                   0          -0.0300301
             1.30302            0.863344            0.926702                   0          -0.0322591
             1.30734            0.856522            0.923101                   0          -0.0346714
             1.31178            0.849556            0.919421                   0          -0.0372755
             1.31634            0.842452            0.915667                   0            -0.04008
             1.32103            0.835217            0.911842                   0          -0.0430927
             1.32584            0.827859             0.90795                   0          -0.0463216
             1.33076            0.820386            0.903996                   0           -0.049774
              1.3358            0.812806            0.899982                   0          -0.0534572
             1.34094            0.805126            0.895914                   0          -0.0573781
              1.3462            0.797354            0.891795                   0           -0.061543
             1.35157            0.789498            0.887629                   0          -0.0659583
             1.35703            0.781566             0.88342                   0          -0.0706298
              1.3626            0.773563            0.879172                   0          -0.0755633
             1.36826            0.765499            0.874888                   0          -0.0807641
             1.37402            0.757378            0.870572                   0          -0.0862374
             1.37987            0.749207            0.866227                   0          -0.0919882
             1.38581            0.740992            0.861856                   0          -0.0980213
             1.39184            0.732739            0.857462                   0           -0.104341
             1.39795            0.724452            0.853048                   0           -0.110952
             1.40415            0.716138            0.848616                   0           -0.117858
             1.41043            0.707801            0.844169                   0           -0.125064
             1.41679            0.699445             0.83971                   0           -0.132572
             1.42323            0.691074             0.83524                   0           -0.140387
             1.42974            0.682694            0.830761                   0           -0.148511
             1.43633            0.674307            0.826277                   0           -0.156949
             1.44299            0.665919            0.821788                   0           -0.165702
             1.44972            0.657532            0.817298                   0           -0.174774
             1.45652            0.649149            0.812807                   0           -0.184166
             1.46339            0.640776            0.808317                   0           -0.193881
             1.47032            0.632414            0.803832                   0            -0.20392
             1.47732            0.624068            0.799351                   0           -0.214285
             1.48438             0.61574            0.794877                   0           -0.224977
              1.4915            0.607434            0.790412                   0           -0.235996
             1.49867            0.599153            0.785956                   0           -0.247343
             1.50591            0.590899            0.781513                   0           -0.259019
             1.51319            0.582676            0.777083                   0           -0.271022
             1.52053            0.574485            0.772667                   0           -0.283352
             1.52793            0.566331            0.768268                   0           -0.296008
             1.53536            0.558215            0.763887                   0           -0.308989
             1.54285             0.55014            0.759524                   0           -0.322294
             1.54672            0.546006             0.75729                   0           -0.329259
             1.55038            0.542109            0.755182                   0            -0.33592
             1.55795            0.534123            0.750862                   0           -0.349866
             1.56556            0.526185            0.746564                   0           -0.364129
             1.57321            0.518297             0.74229                   0           -0.378706
              1.5809             0.51046             0.73804                   0           -0.393594
             1.58862            0.502676            0.733817                   0           -0.408792
             1.59638            0.494948             0.72962                   0           -0.424294
             1.60416            0.487275            0.725451                   0           -0.440099
             1.61198             0.47966            0.721309                   0           -0.456203
             1.61982            0.472105            0.717197                   0           -0.472603
             1.62769            0.464608            0.713115                   0           -0.489294
             1.63558            0.457173            0.709062                   0           -0.506274
              1.6435            0.449799             0.70504                   0           -0.523539
