             8.60325            0.978403            0.978401                   0           -0.482712
             8.60328            0.978401            0.978395                   0           -0.482715
             8.60338            0.978391            0.978368                   0           -0.482728
             8.60356            0.978376            0.978323                   0           -0.482748
             8.60395            0.978342            0.978227                   0           -0.482791
              8.6045            0.978294             0.97809                   0           -0.482854
             8.60545            0.978212            0.977855                   0           -0.482961
             8.60668            0.978104            0.977549                   0           -0.483102
             8.60853            0.977943            0.977089                   0           -0.483317
             8.61085            0.977741            0.976514                   0            -0.48359
             8.61404            0.977463            0.975721                   0           -0.483975
             8.61793            0.977125            0.974758                   0           -0.484453
             8.62298            0.976685            0.973508                   0           -0.485096
             8.62898            0.976161            0.972023                   0           -0.485889
             8.63647            0.975509            0.970176                   0           -0.486921
             8.64523            0.974745            0.968017                   0           -0.488191
             8.65582            0.973822            0.965417                   0           -0.489813
             8.66805            0.972755            0.962421                   0           -0.491808
             8.68246            0.971498            0.958902                   0           -0.494325
             8.69893             0.97006            0.954895                   0            -0.49742
             8.71798            0.968396            0.950283                   0            -0.50129
             8.73955            0.966511            0.945087                   0           -0.506046
             8.76412            0.964362            0.939201                   0           -0.511946
             8.79171            0.961948            0.932636                   0           -0.519181
             8.82127            0.959359            0.925653                   0           -0.527645
             8.85247            0.956625            0.918338                   0           -0.537373
             8.88528            0.953748            0.910706                   0            -0.54848
             8.91968            0.950728            0.902771                   0           -0.561083
             8.95563            0.947571             0.89455                   0           -0.575298
             8.99308            0.944278            0.886062                   0           -0.591234
             9.03198            0.940855            0.877327                   0           -0.608997
             9.07228            0.937307            0.868367                   0           -0.628688
             9.11391            0.933639            0.859201                   0           -0.650402
             9.15682            0.929855            0.849851                   0           -0.674227
             9.20093            0.925963            0.840338                   0           -0.700245
             9.24619            0.921966            0.830682                   0           -0.728528
             9.29252            0.917872            0.820905                   0           -0.759138
             9.33986            0.913687            0.811027                   0           -0.792129
             9.38812            0.909417            0.801068                   0           -0.827544
             9.43725            0.905069            0.791048                   0           -0.865412
             9.48716             0.90065            0.780985                   0           -0.905755
             9.53777            0.896166              0.7709                   0            -0.94858
             
