             8.60326            0.978396            0.978399                   0           -0.482714
              8.6033            0.978385            0.978392                   0           -0.482718
             8.60341             0.97835            0.978371                   0            -0.48273
             8.60361            0.978284            0.978331                   0           -0.482753
             8.60398            0.978167            0.978259                   0           -0.482795
             8.60454            0.977987            0.978149                   0           -0.482859
             8.60539            0.977714            0.977983                   0           -0.482956
             8.60658            0.977334            0.977751                   0           -0.483094
             8.60822            0.976808             0.97743                   0           -0.483287
             8.61037            0.976119             0.97701                   0           -0.483546
             8.61317            0.975222            0.976463                   0           -0.483892
             8.61669            0.974096            0.975777                   0           -0.484342
             8.62109            0.972687             0.97492                   0           -0.484927
             8.62643            0.970973            0.973878                   0           -0.485674
             8.63292            0.968894            0.972614                   0           -0.486632
             8.64063            0.966423            0.971115                   0           -0.487844
              8.6495             0.96358            0.969393                   0           -0.489335
             8.65947            0.960381            0.967458                   0           -0.491138
              8.6703            0.956908            0.965362                   0           -0.493246
             8.68193            0.953172            0.963111                   0           -0.495687
              8.6944             0.94917            0.960706                   0           -0.498502
              8.7077            0.944897            0.958144                   0           -0.501734
             8.72184            0.940351            0.955424                   0           -0.505431
             8.73684            0.935528            0.952547                   0           -0.509642
             8.75269            0.930426            0.949513                   0           -0.514419
             8.76941            0.925045            0.946322                   0           -0.519819
             8.78698            0.919382            0.942975                   0           -0.525898
             8.80542            0.913439            0.939474                   0           -0.532717
             8.82471            0.907215            0.935819                   0           -0.540338
             8.84486            0.900711            0.932014                   0           -0.548825
             8.86586             0.89393            0.928061                   0           -0.558245
             8.88771            0.886873            0.923963                   0           -0.568664
             8.91038            0.879546            0.919724                   0           -0.580149
             8.93388            0.871954            0.915348                   0           -0.592766
             8.95817            0.864103            0.910841                   0           -0.606581
             8.98324            0.856005            0.906209                   0           -0.621655
             9.00906            0.847669            0.901459                   0           -0.638046
              9.0356            0.839111            0.896601                   0           -0.655804
             9.06281            0.830348            0.891643                   0           -0.674971
             9.09064            0.821399            0.886598                   0            -0.69558
             9.11903            0.812289            0.881478                   0           -0.717648
             9.14793            0.803042            0.876298                   0           -0.741179
             9.17725            0.793687            0.871071                   0           -0.766164
             9.20693            0.784252            0.865812                   0           -0.792577
             9.23687            0.774767            0.860537                   0            -0.82038
             9.26702            0.765258             0.85526                   0           -0.849524
             9.29729            0.755752            0.849994                   0           -0.879951
             9.32763            0.746271            0.844749                   0           -0.911601
             9.35796            0.736834            0.839535                   0           -0.944412
             9.38825            0.727457             0.83436                   0           -0.978325
             9.41846             0.71815            0.829227                   0            -1.01328
             9.44856            0.708922            0.824141                   0            -1.04924
             9.47853            0.699776            0.819102                   0            -1.08615
             9.50836            0.690714             0.81411                   0            -1.12398
             
