             8.60326            0.978397            0.978397                   0           -0.482714
             8.60329            0.978388            0.978388                   0           -0.482717
             8.60338            0.978359            0.978359                   0           -0.482727
             8.60356            0.978303            0.978303                   0           -0.482747
             8.60388            0.978204            0.978204                   0           -0.482783
             8.60436            0.978051            0.978051                   0           -0.482838
              8.6051            0.977818            0.977818                   0           -0.482923
             8.60613            0.977493            0.977493                   0           -0.483043
             8.60757            0.977042            0.977042                   0           -0.483212
             8.60944            0.976453            0.976453                   0           -0.483438
             8.61188            0.975682            0.975682                   0           -0.483742
             8.61494            0.974717            0.974717                   0           -0.484136
             8.61877            0.973506            0.973506                   0           -0.484652
             8.62341            0.972037            0.972037                   0           -0.485308
             8.62869            0.970362            0.970362                   0           -0.486099
             8.63448            0.968522            0.968522                   0           -0.487018
             8.64076            0.966522            0.966522                   0           -0.488078
             8.64753             0.96436             0.96436                   0           -0.489293
             8.65479            0.962033            0.962033                   0           -0.490681
             8.66254            0.959542            0.959542                   0            -0.49226
             8.67077            0.956884            0.956884                   0           -0.494047
             8.67948             0.95406             0.95406                   0           -0.496063
             8.68866            0.951069            0.951069                   0           -0.498326
              8.6983            0.947911            0.947911                   0           -0.500856
              8.7084            0.944586            0.944586                   0           -0.503675
             8.71893            0.941094            0.941094                   0           -0.506802
             8.72988            0.937435            0.937435                   0           -0.510259
             8.74124             0.93361             0.93361                   0           -0.514065
             8.75299            0.929618            0.929618                   0            -0.51824
             8.76511             0.92546             0.92546                   0           -0.522803
             8.77757            0.921137            0.921137                   0           -0.527771
             8.79036            0.916649            0.916649                   0           -0.533158
             8.80344            0.911997            0.911997                   0           -0.538979
             8.81677            0.907181            0.907181                   0           -0.545244
             8.83033            0.902202            0.902202                   0           -0.551959
             8.84408             0.89706             0.89706                   0           -0.559129
             8.85798            0.891755            0.891755                   0           -0.566752
             8.87197            0.886289            0.886289                   0            -0.57482
             8.88601            0.880662            0.880662                   0           -0.583322
             8.90005            0.874872            0.874872                   0           -0.592236
             8.91402             0.86892             0.86892                   0           -0.601534
             8.92786            0.862806            0.862806                   0           -0.611178
             8.94149            0.856527            0.856527                   0           -0.621121
             8.95485            0.850082            0.850082                   0             -0.6313
             8.96784            0.843467            0.843467                   0           -0.641642
             8.98038             0.83668             0.83668                   0           -0.652057
             8.99236            0.829714            0.829714                   0           -0.662436
             9.00367            0.822562            0.822562                   0           -0.672653
             9.01399            0.815364            0.815364                   0           -0.682362
             9.02316            0.808197            0.808197                   0           -0.691325
             9.03113             0.80107             0.80107                   0           -0.699413
             9.03788            0.793985            0.793985                   0           -0.706503
             9.04337            0.786944            0.786944                   0           -0.712478
              9.0476            0.779949            0.779949                   0           -0.717232
             9.05055            0.773002            0.773002                   0           -0.720665