             6.71445            0.983139            0.983138                   0           -0.294025
             6.71449            0.983128            0.983126                   0           -0.294028
             6.71463            0.983091            0.983083                   0            -0.29404
             6.71487            0.983025            0.983006                   0           -0.294062
             6.71536            0.982895            0.982856                   0           -0.294105
             6.71607            0.982704            0.982635                   0           -0.294169
             6.71722            0.982397             0.98228                   0           -0.294274
             6.71878            0.981981            0.981799                   0           -0.294418
             6.72102            0.981383            0.981107                   0           -0.294633
              6.7239            0.980616             0.98022                   0           -0.294919
             6.72776            0.979589             0.97903                   0           -0.295323
             6.73253             0.97832            0.977561                   0           -0.295854
             6.73822            0.976812            0.975813                   0            -0.29653
              6.7447            0.975098            0.973826                   0           -0.297359
             6.75199            0.973178            0.971598                   0           -0.298365
             6.76009             0.97105            0.969126                   0           -0.299576
             6.76902            0.968713            0.966407                   0           -0.301023
              6.7788            0.966164             0.96344                   0           -0.302742
             6.78945            0.963402            0.960221                   0           -0.304772
             6.80099            0.960424            0.956745                   0           -0.307158
             6.81343            0.957229            0.953011                   0           -0.309948
             6.82681            0.953813            0.949012                   0           -0.313197
             6.84115            0.950176            0.944746                   0           -0.316963
             6.85647            0.946313            0.940208                   0           -0.321314
              6.8728            0.942225            0.935396                   0           -0.326318
             6.89011            0.937926            0.930323                   0           -0.332032
              6.9084            0.933418            0.924992                   0           -0.338527
              6.9277            0.928703            0.919402                   0           -0.345884
             6.94801            0.923782            0.913553                   0           -0.354186
             6.96936             0.91866            0.907446                   0           -0.363521
             6.99176            0.913339            0.901083                   0            -0.37398
             7.01521            0.907825            0.894468                   0           -0.385658
             7.03973            0.902124            0.887604                   0           -0.398652
             7.06531            0.896243            0.880497                   0           -0.413062
             7.09196             0.89019            0.873154                   0           -0.428984
             7.11967            0.883975            0.865582                   0           -0.446518
             7.14843            0.877609            0.857792                   0            -0.46576
             7.17822            0.871104            0.849794                   0             -0.4868
             7.20902            0.864474            0.841601                   0           -0.509727
              7.2408            0.857734            0.833226                   0            -0.53462
             7.27352            0.850899            0.824685                   0           -0.561551
             7.30716            0.843985            0.815994                   0           -0.590585
             7.34166             0.83701             0.80717                   0           -0.621773
             7.37698             0.82999             0.79823                   0           -0.655158
             7.41307            0.822943            0.789192                   0           -0.690771
             7.44987            0.815887            0.780073                   0           -0.728632
             7.46382            0.813245            0.776641                   0           -0.743392
             7.46382            0.813245            0.776641                   0           -0.743392
             7.48733            0.808837            0.770891                   0           -0.768748
              7.5254            0.801811            0.761664                   0           -0.811119
             7.56402            0.794823            0.752407                   0           -0.855733
             7.60313            0.787888            0.743137                   0            -0.90257
             7.64269             0.78102            0.733866                   0           -0.951603
             7.68265             0.77423            0.724609                   0             -1.0028
             7.72296             0.76753            0.715378                   0            -1.05612
             7.76357            0.760929            0.706183                   0            -1.11152
             7.80444            0.754439            0.697038                   0            -1.16893
             7.84541            0.748086            0.687977                   0            -1.22814
             7.88645            0.741873            0.679003                   0            -1.28909
             7.92756            0.735803            0.670121                   0            -1.35173
              7.9687            0.729877             0.66133                   0            -1.41603
             8.00989            0.724098            0.652635                   0            -1.48195
             8.05109            0.718466            0.644034                   0            -1.54944
             8.09231            0.712983             0.63553                   0            -1.61846
