             6.71445            0.983139            0.983139                   0           -0.294025
             6.71449             0.98313             0.98313                   0           -0.294028
             6.71461            0.983101            0.983101                   0           -0.294039
             6.71485            0.983047            0.983047                   0            -0.29406
             6.71526             0.98295             0.98295                   0           -0.294097
              6.7159            0.982801            0.982801                   0           -0.294154
             6.71688            0.982575            0.982575                   0           -0.294241
             6.71823            0.982261            0.982261                   0           -0.294365
             6.72011            0.981825            0.981825                   0            -0.29454
             6.72257            0.981255            0.981255                   0           -0.294776
             6.72579            0.980511            0.980511                   0           -0.295096
             6.72982            0.979579            0.979579                   0           -0.295514
             6.73488             0.97841             0.97841                   0           -0.296066
             6.74104             0.97699             0.97699                   0            -0.29678
             6.74846            0.975283            0.975283                   0             -0.2977
             6.75685            0.973357            0.973357                   0            -0.29882
             6.76625            0.971206            0.971206                   0           -0.300174
             6.77667            0.968829            0.968829                   0           -0.301797
             6.78814            0.966224            0.966224                   0           -0.303732
             6.80067            0.963386            0.963386                   0           -0.306023
             6.81429            0.960314            0.960314                   0           -0.308723
             6.82903            0.957004            0.957004                   0            -0.31189
             6.84492            0.953453            0.953453                   0           -0.315587
             6.86199            0.949657            0.949657                   0           -0.319885
             6.88029            0.945612            0.945612                   0           -0.324863
             6.89984            0.941313            0.941313                   0           -0.330608
             6.92069            0.936758            0.936758                   0           -0.337214
             6.94289            0.931939            0.931939                   0           -0.344787
             6.96649            0.926854            0.926854                   0           -0.353443
             6.99153            0.921496            0.921496                   0           -0.363309
             7.01807            0.915861            0.915861                   0           -0.374526
             7.04617            0.909942            0.909942                   0           -0.387246
              7.0759            0.903735            0.903735                   0           -0.401638
             7.10732            0.897234            0.897234                   0           -0.417886
             7.14051            0.890433            0.890433                   0           -0.436192
             7.17552            0.883327            0.883327                   0           -0.456777
             7.21246             0.87591             0.87591                   0           -0.479881
             7.25139            0.868176            0.868176                   0           -0.505767
              7.2924            0.860122            0.860122                   0           -0.534717
             7.33558            0.851742            0.851742                   0           -0.567042
             7.38101            0.843032            0.843032                   0           -0.603075
             7.42879             0.83399             0.83399                   0           -0.643172
             7.47901            0.824614            0.824614                   0            -0.68772
             7.53176            0.814902            0.814902                   0           -0.737125
             7.58691            0.804895            0.804895                   0           -0.791606
             7.64364            0.794752            0.794752                   0           -0.850619
             7.70195            0.784484            0.784484                   0           -0.914365
             7.76183            0.774102            0.774102                   0           -0.983032
             7.82285            0.763682            0.763682                   0            -1.05632
             7.82325            0.763615            0.763615                   0            -1.05681
              7.8862            0.753034            0.753034                   0            -1.13587
             7.95068             0.74237             0.74237                   0             -1.2204
             8.01666            0.731631            0.731631                   0            -1.31058
