             6.71445            0.983138            0.983139                   0           -0.294025
             6.71449            0.983129             0.98313                   0           -0.294028
             6.71462            0.983096              0.9831                   0            -0.29404
             6.71485            0.983037            0.983044                   0            -0.29406
             6.71528            0.982928            0.982943                   0           -0.294098
             6.71594            0.982762            0.982789                   0           -0.294157
             6.71695            0.982506            0.982551                   0           -0.294248
             6.71835            0.982153            0.982223                   0           -0.294376
              6.7203            0.981659            0.981763                   0            -0.29456
             6.72285            0.981016            0.981165                   0           -0.294806
              6.7262             0.98017             0.98038                   0           -0.295142
             6.73039            0.979114            0.979399                   0           -0.295583
             6.73568            0.977784            0.978163                   0            -0.29617
             6.74211             0.97617            0.976665                   0           -0.296932
             6.74965            0.974278            0.974911                   0           -0.297892
             6.75815            0.972151             0.97294                   0           -0.299059
             6.76762            0.969787            0.970751                   0           -0.300467
             6.77809            0.967183            0.968343                   0           -0.302151
             6.78955            0.964337            0.965713                   0           -0.304154
             6.80205            0.961246             0.96286                   0           -0.306522
              6.8156            0.957908            0.959783                   0           -0.309306
             6.83022            0.954318            0.956479                   0           -0.312563
             6.84594            0.950475            0.952945                   0           -0.316358
             6.86279            0.946373            0.949181                   0           -0.320759
             6.88081             0.94201            0.945182                   0           -0.325843
             6.90002             0.93738            0.940947                   0           -0.331695
             6.92046            0.932479            0.936472                   0           -0.338407
             6.94218            0.927301            0.931754                   0           -0.346082
             6.96522            0.921843             0.92679                   0           -0.354832
             6.98963            0.916097            0.921575                   0           -0.364779
             7.01546            0.910058            0.916108                   0           -0.376058
             7.04276             0.90372            0.910382                   0           -0.388816
              7.0716            0.897076            0.904396                   0           -0.403217
             7.10203             0.89012            0.898144                   0           -0.419436
             7.13413            0.882844            0.891622                   0           -0.437669
             7.16796             0.87524            0.884827                   0           -0.458129
             7.20361            0.867302            0.877753                   0           -0.481048
             7.24116            0.859022            0.870398                   0           -0.506681
             7.28069            0.850392            0.862756                   0           -0.535307
             7.32229            0.841405            0.854824                   0           -0.567231
             7.36607            0.832053            0.846599                   0           -0.602784
             7.41212            0.822329            0.838078                   0           -0.642326
             7.46055            0.812227            0.829258                   0            -0.68625
             7.51147             0.80174            0.820138                   0           -0.734979
             7.56499            0.790865            0.810719                   0           -0.788966
              7.6212              0.7796            0.801001                   0            -0.84869
              7.6802            0.767947            0.790993                   0           -0.914643
             7.71051            0.762027            0.785925                   0           -0.949808
             7.74111            0.756097             0.78086                   0           -0.986179
             7.80363            0.744118            0.770663                   0             -1.0632
             7.86775            0.732024            0.760414                   0             -1.1459
             7.90594            0.724912            0.754408                   0            -1.19691
             7.93345            0.719831            0.750127                   0            -1.23446
             8.00068            0.707552            0.739816                   0            -1.32902
             8.06943            0.695202            0.729492                   0            -1.42977
        