COOR 
  1 0 -0.21650635094611 -0.375
  2 0 0 -0.75
  3 0 0.21650635094611 -0.375
  4 0 0.21650635094611 0.375
  5 0 0 0.75
  6 0 -0.21650635094611 0.375
  7 0 0 -0.5
  8 0 0 0.5
  9 0 -0.144337567297406 -0.416666666666667
  10 0 -0.0721687836487032 -0.458333333333333
  11 0 0 -0.666666666666667
  12 0 0 -0.583333333333333
  13 0 0.144337567297406 -0.416666666666667
  14 0 0.0721687836487032 -0.458333333333333
  15 0 0.144337567297406 0.416666666666667
  16 0 0.0721687836487033 0.458333333333333
  17 0 0 0.666666666666667
  18 0 0 0.583333333333333
  19 0 -0.144337567297406 0.416666666666667
  20 0 -0.0721687836487032 0.458333333333333

ELEM 
  1 0 1 1 9
  2 0 1 9 10
  3 0 1 10 7
  4 0 1 2 11
  5 0 1 11 12
  6 0 1 12 7
  7 0 1 3 13
  8 0 1 13 14
  9 0 1 14 7
  10 0 1 4 15
  11 0 1 15 16
  12 0 1 16 8
  13 0 1 5 17
  14 0 1 17 18
  15 0 1 18 8
  16 0 1 6 19
  17 0 1 19 20
  18 0 1 20 8
 
