COOR 
  1 0 -0.21650635094611 -0.375
  2 0 0 -0.75
  3 0 0.21650635094611 -0.375
  4 0 0.21650635094611 0.375
  5 0 0 0.75
  6 0 -0.21650635094611 0.375
  7 0 0 -0.5
  8 0 0 0.5
  9 0 -0.144337567297406 -0.416666666666667
  10 0 -0.0721687836487032 -0.458333333333333
  11 0 0 -0.666666666666667
  12 0 0 -0.583333333333333
  13 0 0.144337567297406 -0.416666666666667
  14 0 0.0721687836487032 -0.458333333333333
  15 0 0.144337567297406 0.416666666666667
  16 0 0.0721687836487033 0.458333333333333
  17 0 0 0.666666666666667
  18 0 0 0.583333333333333
  19 0 -0.144337567297406 0.416666666666667
  20 0 -0.0721687836487032 0.458333333333333
  21 0 0.21650635094611 -1.125
  22 0 0.433012701892219 -1.5
  23 0 0.649519052838329 -1.125
  24 0 0.649519052838329 -0.375
  25 0 0.433012701892219 0
  26 0 0.433012701892219 -1.25
  27 0 0.433012701892219 -0.25
  28 0 0.288675134594813 -1.16666666666667
  29 0 0.360843918243516 -1.20833333333333
  30 0 0.433012701892219 -1.41666666666667
  31 0 0.433012701892219 -1.33333333333333
  32 0 0.577350269189626 -1.16666666666667
  33 0 0.505181485540922 -1.20833333333333
  34 0 0.577350269189626 -0.333333333333333
  35 0 0.505181485540922 -0.291666666666667
  36 0 0.433012701892219 -0.0833333333333334
  37 0 0.433012701892219 -0.166666666666667
  38 0 0.288675134594813 -0.333333333333333
  39 0 0.360843918243516 -0.291666666666667
  40 0 0.649519052838329 0.375
  41 0 0.649519052838329 1.125
  42 0 0.433012701892219 1.5
  43 0 0.21650635094611 1.125
  44 0 0.433012701892219 0.25
  45 0 0.433012701892219 1.25
  46 0 0.288675134594813 0.333333333333333
  47 0 0.360843918243516 0.291666666666667
  48 0 0.433012701892219 0.0833333333333334
  49 0 0.433012701892219 0.166666666666667
  50 0 0.577350269189626 0.333333333333333
  51 0 0.505181485540922 0.291666666666667
  52 0 0.577350269189626 1.16666666666667
  53 0 0.505181485540922 1.20833333333333
  54 0 0.433012701892219 1.41666666666667
  55 0 0.433012701892219 1.33333333333333
  56 0 0.288675134594813 1.16666666666667
  57 0 0.360843918243516 1.20833333333333
  58 0 0.866025403784438 -0.75
  59 0 1.08253175473055 -0.375
  60 0 1.08253175473055 0.375
  61 0 0.866025403784439 0.75
  62 0 0.866025403784438 -0.5
  63 0 0.866025403784439 0.5
  64 0 0.721687836487032 -0.416666666666667
  65 0 0.793856620135735 -0.458333333333333
  66 0 0.866025403784438 -0.666666666666667
  67 0 0.866025403784438 -0.583333333333333
  68 0 1.01036297108184 -0.416666666666667
  69 0 0.938194187433142 -0.458333333333333
  70 0 1.01036297108184 0.416666666666667
  71 0 0.938194187433142 0.458333333333333
  72 0 0.866025403784439 0.666666666666667
  73 0 0.866025403784439 0.583333333333333
  74 0 0.721687836487032 0.416666666666667
  75 0 0.793856620135735 0.458333333333333

ELEM 
  1 0 1 1 9
  2 0 1 9 10
  3 0 1 10 7
  4 0 1 2 11
  5 0 1 11 12
  6 0 1 12 7
  7 0 1 3 13
  8 0 1 13 14
  9 0 1 14 7
  10 0 1 4 15
  11 0 1 15 16
  12 0 1 16 8
  13 0 1 5 17
  14 0 1 17 18
  15 0 1 18 8
  16 0 1 6 19
  17 0 1 19 20
  18 0 1 20 8
  19 0 1 21 28
  20 0 1 28 29
  21 0 1 29 26
  22 0 1 22 30
  23 0 1 30 31
  24 0 1 31 26
  25 0 1 23 32
  26 0 1 32 33
  27 0 1 33 26
  28 0 1 24 34
  29 0 1 34 35
  30 0 1 35 27
  31 0 1 25 36
  32 0 1 36 37
  33 0 1 37 27
  34 0 1 3 38
  35 0 1 38 39
  36 0 1 39 27
  37 0 1 4 46
  38 0 1 46 47
  39 0 1 47 44
  40 0 1 25 48
  41 0 1 48 49
  42 0 1 49 44
  43 0 1 40 50
  44 0 1 50 51
  45 0 1 51 44
  46 0 1 41 52
  47 0 1 52 53
  48 0 1 53 45
  49 0 1 42 54
  50 0 1 54 55
  51 0 1 55 45
  52 0 1 43 56
  53 0 1 56 57
  54 0 1 57 45
  55 0 1 24 64
  56 0 1 64 65
  57 0 1 65 62
  58 0 1 58 66
  59 0 1 66 67
  60 0 1 67 62
  61 0 1 59 68
  62 0 1 68 69
  63 0 1 69 62
  64 0 1 60 70
  65 0 1 70 71
  66 0 1 71 63
  67 0 1 61 72
  68 0 1 72 73
  69 0 1 73 63
  70 0 1 40 74
  71 0 1 74 75
  72 0 1 75 63
 
