             1.22847             0.99692             0.99692                   0           -0.009812
             1.22849            0.996909            0.996909                   0         -0.00981232
             1.22856            0.996872            0.996872                   0         -0.00981347
             1.22869            0.996806            0.996806                   0         -0.00981556
             1.22894            0.996677            0.996677                   0         -0.00981973
             1.22931            0.996486            0.996486                   0         -0.00982627
              1.2299            0.996179            0.996179                   0         -0.00983751
              1.2307            0.995762            0.995762                   0         -0.00985431
             1.23186            0.995161            0.995161                   0          -0.0098816
             1.23335             0.99439             0.99439                   0         -0.00992198
             1.23522            0.993425            0.993425                   0         -0.00998097
             1.23743            0.992288            0.992288                   0          -0.0100627
             1.23996            0.990989            0.990989                   0          -0.0101722
             1.24279            0.989544            0.989544                   0          -0.0103145
             1.24592            0.987951            0.987951                   0          -0.0104964
             1.24936            0.986207            0.986207                   0          -0.0107258
             1.25312            0.984309            0.984309                   0          -0.0110118
             1.25722            0.982252            0.982252                   0          -0.0113647
             1.26166            0.980034            0.980034                   0           -0.011796
             1.26646             0.97765             0.97765                   0          -0.0123185
             1.27164            0.975096            0.975096                   0          -0.0129467
             1.27721            0.972368            0.972368                   0          -0.0136968
             1.28318            0.969463            0.969463                   0          -0.0145868
             1.28959            0.966375            0.966375                   0          -0.0156369
             1.29643              0.9631              0.9631                   0          -0.0168693
             1.30374            0.959632            0.959632                   0           -0.018309
             1.31155            0.955968            0.955968                   0          -0.0199838
             1.31986            0.952102            0.952102                   0          -0.0219242
             1.32872            0.948028            0.948028                   0          -0.0241644
             1.33814            0.943742            0.943742                   0          -0.0267422
             1.34816            0.939238            0.939238                   0          -0.0296993
              1.3588             0.93451             0.93451                   0           -0.033082
             1.37012            0.929554            0.929554                   0          -0.0369414
             1.38213            0.924364            0.924364                   0          -0.0413339
             1.39488            0.918935            0.918935                   0          -0.0463216
             1.40841            0.913262            0.913262                   0          -0.0519731
             1.42276            0.907341            0.907341                   0          -0.0583634
             1.43798            0.901166            0.901166                   0          -0.0655751
             1.45413            0.894735            0.894735                   0          -0.0736988
             1.47124            0.888043            0.888043                   0          -0.0828331
             1.48938            0.881088            0.881088                   0          -0.0930861
              1.5086            0.873868            0.873868                   0           -0.104575
             1.52897            0.866382            0.866382                   0           -0.117427
             1.55054            0.858628            0.858628                   0           -0.131781
             1.57338            0.850608            0.850608                   0           -0.147785
             1.59757            0.842324            0.842324                   0           -0.165599
             1.62316            0.833779            0.833779                   0           -0.185395
             1.65024            0.824976            0.824976                   0           -0.207356
             1.67888            0.815922            0.815922                   0           -0.231677
             1.70915            0.806623            0.806623                   0           -0.258565
             1.74114            0.797089            0.797089                   0           -0.288239
             1.77473            0.787382            0.787382                   0           -0.320743
             1.80928            0.777711            0.777711                   0           -0.355539
             1.84479            0.768083            0.768083                   0            -0.39269
             1.88128            0.758506            0.758506                   0           -0.432257
             1.91875            0.748986            0.748986                   0             -0.4743
             1.95721            0.739529            0.739529                   0            -0.51888
             1.99668            0.730139            0.730139                   0           -0.566056
             2.03717            0.720822            0.720822                   0           -0.615892
              2.0787            0.711579            0.711579                   0           -0.668449
             2.12129            0.702416            0.702416                   0           -0.723791
             2.16495            0.693334            0.693334                   0           -0.781983
             2.20971            0.684336            0.684336                   0            -0.84309
             2.25558            0.675423            0.675423                   0           -0.907181
             2.30258            0.666598            0.666598                   0           -0.974324
             2.35075            0.657862            0.657862                   0            -1.04459
             2.40011            0.649217            0.649217                   0            -1.11805
             2.45068            0.640661            0.640661                   0            -1.19479
             2.50248            0.632198            0.632198                   0            -1.27487
             2.55556            0.623827            0.623827                   0            -1.35839
             2.60993            0.615548            0.615548                   0            -1.44541
             2.66563            0.607361            0.607361                   0            -1.53602
              2.7227            0.599268            0.599268                   0            -1.63032
             2.78116            0.591268            0.591268                   0            -1.72838
             2.84104             0.58336             0.58336                   0            -1.83031
             2.90239            0.575545            0.575545                   0            -1.93618
             2.96524            0.567822            0.567822                   0            -2.04611
             3.02963            0.560192            0.560192                   0            -2.16019
              3.0956            0.552654            0.552654                   0            -2.27851
