             1.22847            0.996917            0.996922                   0         -0.00981198
             1.22849            0.996903            0.996916                   0         -0.00981227
             1.22855            0.996854            0.996896                   0         -0.00981328
             1.22867            0.996764            0.996859                   0         -0.00981513
             1.22888            0.996595            0.996788                   0         -0.00981875
              1.2292             0.99634            0.996682                   0         -0.00982446
             1.22972            0.995935            0.996514                   0         -0.00983415
             1.23042            0.995383            0.996284                   0         -0.00984862
             1.23143            0.994591            0.995955                   0         -0.00987185
             1.23273            0.993572             0.99553                   0         -0.00990613
             1.23442            0.992252            0.994981                   0         -0.00995784
              1.2364            0.990703            0.994334                   0          -0.0100292
             1.23868            0.988934            0.993596                   0          -0.0101247
             1.24122            0.986967            0.992773                   0          -0.0102486
             1.24402            0.984803            0.991867                   0          -0.0104066
              1.2471            0.982441            0.990876                   0          -0.0106052
             1.25045             0.97988              0.9898                   0          -0.0108518
             1.25408            0.977119            0.988638                   0          -0.0111541
             1.25799            0.974158            0.987389                   0          -0.0115211
              1.2622            0.970995            0.986052                   0          -0.0119621
             1.26671            0.967632            0.984627                   0          -0.0124875
             1.27151            0.964068            0.983114                   0          -0.0131086
             1.27663            0.960302            0.981511                   0          -0.0138375
             1.28206            0.956334            0.979817                   0          -0.0146872
             1.28781            0.952166            0.978034                   0          -0.0156717
              1.2939            0.947797            0.976158                   0           -0.016806
             1.30031            0.943228            0.974191                   0          -0.0181061
             1.30708            0.938459            0.972132                   0           -0.019589
             1.31419            0.933492            0.969981                   0           -0.021273
             1.32166            0.928327            0.967736                   0           -0.023177
              1.3295            0.922967            0.965399                   0          -0.0253215
             1.33771            0.917414            0.962969                   0          -0.0277277
             1.34631            0.911669            0.960446                   0          -0.0304179
             1.35529            0.905736             0.95783                   0          -0.0334155
             1.36467            0.899617            0.955123                   0          -0.0367448
             1.37445            0.893317            0.952325                   0          -0.0404311
             1.38465            0.886838            0.949436                   0          -0.0445005
             1.39526            0.880187            0.946458                   0            -0.04898
             1.40629            0.873367            0.943393                   0          -0.0538971
             1.41776            0.866384            0.940241                   0          -0.0592802
             1.42965            0.859243            0.937005                   0           -0.065158
             1.44199            0.851952            0.933687                   0          -0.0715597
             1.45477            0.844516            0.930288                   0           -0.078515
               1.468            0.836941            0.926812                   0          -0.0860536
             1.48168            0.829236            0.923261                   0          -0.0942058
             1.49581            0.821408            0.919637                   0           -0.103002
             1.51041            0.813463            0.915943                   0           -0.112472
             1.52546            0.805408            0.912183                   0           -0.122646
             1.54098            0.797252            0.908358                   0           -0.133554
             1.55696            0.789002            0.904473                   0           -0.145228
             1.57341            0.780664             0.90053                   0           -0.157697
             1.59034            0.772246            0.896532                   0            -0.17099
             1.60773            0.763756            0.892483                   0           -0.185139
             1.62561            0.755198            0.888384                   0           -0.200173
             1.64396            0.746581             0.88424                   0           -0.216121
             1.66279            0.737911            0.880054                   0           -0.233014
             1.68211            0.729194            0.875827                   0           -0.250879
             1.70191            0.720435            0.871564                   0           -0.269747
              1.7222            0.711642            0.867267                   0           -0.289646
             1.74298             0.70282            0.862939                   0           -0.310603
             1.76425            0.693975            0.858584                   0           -0.332645
             1.78602            0.685111            0.854203                   0             -0.3558
             1.80827            0.676236              0.8498                   0           -0.380093
             1.83103            0.667354            0.845379                   0           -0.405548
             1.85427             0.65847            0.840941                   0           -0.432188
             1.87801            0.649591            0.836491                   0           -0.460034
             1.90225            0.640722            0.832031                   0           -0.489107
             1.92697            0.631868            0.827564                   0           -0.519424
             1.95217            0.623034            0.823094                   0           -0.551001
             1.97786            0.614227            0.818624                   0           -0.583849
             2.00402            0.605452            0.814157                   0           -0.617981
             2.03065            0.596714            0.809697                   0           -0.653402
             2.05774            0.588019            0.805247                   0           -0.690117
             2.08528            0.579372             0.80081                   0           -0.728126
             2.11325            0.570779             0.79639                   0           -0.767428
             2.14165            0.562246            0.791991                   0           -0.808015
             2.17046            0.553777            0.787616                   0           -0.849878
             2.19967            0.545377            0.783267                   0           -0.893004
             2.22925            0.537053            0.778949                   0           -0.937376
              2.2592            0.528807            0.774664                   0           -0.982975
             2.28949            0.520645            0.770416                   0            -1.02978
             2.32012            0.512571            0.766207                   0            -1.07776
             2.35105            0.504589            0.762039                   0            -1.12689
             2.38226            0.496701            0.757916                   0            -1.17714
             2.41375            0.488912             0.75384                   0            -1.22847
             2.44549            0.481224            0.749812                   0            -1.28086
             2.47746            0.473639            0.745835                   0            -1.33427
             2.50964            0.466159             0.74191                   0            -1.38865
             2.54202            0.458785            0.738039                   0            -1.44399
             2.57458             0.45152            0.734222                   0            -1.50023
              2.6073            0.444363            0.730461                   0            -1.55735
             2.64016            0.437314            0.726756                   0             -1.6153
             2.67315            0.430376            0.723108                   0            -1.67406
             2.70625            0.423545            0.719517                   0            -1.73358
             2.73946            0.416824            0.715984                   0            -1.79383
             2.77275             0.41021            0.712508                   0            -1.85479
             2.80612            0.403703            0.709089                   0            -1.91641
             2.83955            0.397302            0.705728                   0            -1.97866
             2.87304            0.391006            0.702423                   0            -2.04152
