                   0                   1                   1                   0                   0
                   0                   1                   1                   0         3.92919e-28
                   0                   1                   1                   0         3.92919e-28
            0.499997            0.998745            0.998745                   0         -0.00163041
            0.999994             0.99749             0.99749                   0         -0.00652166
             1.22468            0.996926            0.996926                   0         -0.00978164


             1.22468            0.996926            0.996926                   0         -0.00978164
             1.49999            0.996235            0.996235                   0          -0.0146737
             1.99999             0.99498             0.99498                   0          -0.0260866
             2.49998            0.993724            0.993724                   0          -0.0407604
             2.99998            0.992469            0.992469                   0          -0.0586949
             3.37172            0.991536            0.991536                   0          -0.0741422
             3.49998            0.991214            0.991214                   0          -0.0798903
             3.99997            0.989959            0.989959                   0           -0.104347
             4.49997            0.988704            0.988704                   0           -0.132064
             4.99997            0.987449            0.987449                   0           -0.163041
             5.49997            0.986194            0.986194                   0            -0.19728
             5.99996            0.984939            0.984939                   0            -0.23478
             6.49996            0.983684            0.983684                   0            -0.27554
             6.71442            0.983145            0.983145                   0           -0.294023
             6.99996            0.982429            0.982429                   0           -0.319561
             7.49995            0.981173            0.981173                   0           -0.366843
             7.99995            0.979918            0.979918                   0           -0.417386
             8.49995            0.978663            0.978663                   0            -0.47119
             8.60324            0.978404            0.978404                   0           -0.482711
             8.99994            0.977408            0.977408                   0           -0.528254
             9.49994            0.976153            0.976153                   0            -0.58858
             9.99994            0.974898            0.974898                   0           -0.652166
             10.4999            0.973643            0.973643                   0           -0.719013
