             1.22466             1.22486             1.22476            0.996862            0.996862                   0          -0.0101892
             1.22459              1.2254             1.22499             0.99667             0.99667                   0          -0.0114119
             1.22447              1.2263             1.22538             0.99635             0.99635                   0          -0.0134497
              1.2243             1.22755             1.22593            0.995902            0.995902                   0          -0.0163029
             1.22409             1.22917             1.22663            0.995326            0.995326                   0          -0.0199713
             1.22382             1.23116             1.22749            0.994623            0.994623                   0          -0.0244553
              1.2235             1.23351             1.22851            0.993792            0.993792                   0          -0.0297549
             1.22313             1.23624             1.22968            0.992834            0.992834                   0          -0.0358705
             1.22271             1.23934             1.23102             0.99175             0.99175                   0          -0.0428021
             1.22223             1.24283             1.23253             0.99054             0.99054                   0          -0.0505502
             1.22169             1.24671              1.2342            0.989203            0.989203                   0           -0.059115
             1.22109             1.25098             1.23604            0.987741            0.987741                   0          -0.0684969
             1.22043             1.25566             1.23805            0.986155            0.986155                   0          -0.0786963
             1.21971             1.26075             1.24023            0.984444            0.984444                   0          -0.0897137
             1.21892             1.26625             1.24259            0.982609            0.982609                   0            -0.10155
             1.21806             1.27219             1.24513            0.980651            0.980651                   0           -0.114205
             1.21712             1.27857             1.24785             0.97857             0.97857                   0           -0.127679
             1.21611              1.2854             1.25076            0.976368            0.976368                   0           -0.141974
             1.21502              1.2927             1.25386            0.974045            0.974045                   0            -0.15709
             1.21385             1.30046             1.25715            0.971602            0.971602                   0           -0.173028
             1.21258             1.30872             1.26065             0.96904             0.96904                   0           -0.189789
             1.21122             1.31749             1.26436            0.966359            0.966359                   0           -0.207374
             1.20977             1.32677             1.26827            0.963561            0.963561                   0           -0.225784
             1.20822             1.33658              1.2724            0.960647            0.960647                   0            -0.24502
             1.20656             1.34695             1.27675            0.957618            0.957618                   0           -0.265083
             1.20478             1.35789             1.28133            0.954474            0.954474                   0           -0.285975
             1.20289             1.36941             1.28615            0.951218            0.951218                   0           -0.307697
             1.20088             1.38154             1.29121             0.94785             0.94785                   0           -0.330252
             1.19875              1.3943             1.29652            0.944371            0.944371                   0            -0.35364
             1.19648             1.40771             1.30209            0.940783            0.940783                   0           -0.377863
             1.19407             1.42179             1.30793            0.937087            0.937087                   0           -0.402925
             1.19151             1.43656             1.31404            0.933285            0.933285                   0           -0.428826
              1.1888             1.45205             1.32043            0.929378            0.929378                   0           -0.455569
             1.18594             1.46829             1.32712            0.925367            0.925367                   0           -0.483157
             1.18291             1.48529              1.3341            0.921254            0.921254                   0           -0.511593
             1.17972             1.50309              1.3414            0.917041            0.917041                   0           -0.540879
             1.17634             1.52171             1.34903            0.912729            0.912729                   0           -0.571019
             1.17279             1.54118             1.35698             0.90832             0.90832                   0           -0.602016
             1.16904             1.56153             1.36529            0.903815            0.903815                   0           -0.633874
              1.1651             1.58279             1.37394            0.899217            0.899217                   0           -0.666596
             1.16095             1.60498             1.38297            0.894528            0.894528                   0           -0.700187
              1.1566             1.62814             1.39237            0.889748            0.889748                   0           -0.734651
             1.15203              1.6523             1.40217             0.88488             0.88488                   0           -0.769992
             1.14724             1.67749             1.41237            0.879926            0.879926                   0           -0.806217
             1.14223             1.70374             1.42298            0.874888            0.874888                   0           -0.843329
             1.13698             1.73108             1.43403            0.869768            0.869768                   0           -0.881334
              1.1315             1.75953             1.44551            0.864568            0.864568                   0           -0.920239
             1.12577             1.78914             1.45745            0.859289            0.859289                   0           -0.960049
              1.1198             1.81992             1.46986            0.853935            0.853935                   0            -1.00077
             1.11357             1.85192             1.48275            0.848506            0.848506                   0            -1.04241
             1.10709             1.88515             1.49612            0.843006            0.843006                   0            -1.08498
             1.10036             1.91964                1.51            0.837436            0.837436                   0            -1.12848
             1.09336             1.95541             1.52439            0.831799            0.831799                   0            -1.17292
             1.08611              1.9925              1.5393            0.826096            0.826096                   0            -1.21831
             1.07859             2.03092             1.55475            0.820331            0.820331                   0            -1.26466
              1.0708             2.07069             1.57074            0.814504            0.814504                   0            -1.31197
             1.06275             2.11182             1.58729            0.808618            0.808618                   0            -1.36026
             1.05444             2.15434             1.60439            0.802676            0.802676                   0            -1.40953
             1.04587             2.19826             1.62206             0.79668             0.79668                   0             -1.4598
             1.03703             2.24357              1.6403            0.790631            0.790631                   0            -1.51107
             1.02794              2.2903             1.65912            0.784532            0.784532                   0            -1.56334
              1.0186             2.33843             1.67851            0.778386            0.778386                   0            -1.61664
             1.00901             2.38797             1.69849            0.772193            0.772193                   0            -1.67097
            0.999168             2.43892             1.71905            0.765958            0.765958                   0            -1.72634
            0.989091             2.49127             1.74018            0.759681            0.759681                   0            -1.78275
            0.978782             2.54501             1.76189            0.753365            0.753365                   0            -1.84021
            0.968247             2.60011             1.78418            0.747012            0.747012                   0            -1.89874
            0.957494             2.65657             1.80703            0.740624            0.740624                   0            -1.95834
            0.954282             2.67347             1.81388            0.738734            0.738734                   0            -1.97612
             0.94653             2.71436             1.83044            0.734204            0.734204                   0            -2.01901
            0.935363             2.77345             1.85441            0.727753            0.727753                   0            -2.08077
            0.924003             2.83383             1.87891            0.721275            0.721275                   0            -2.14361
            0.912457             2.89545             1.90395             0.71477             0.71477                   0            -2.20753
            0.900736             2.95828             1.92951            0.708242            0.708242                   0            -2.27255
            0.888848             3.02229             1.95557            0.701693            0.701693                   0            -2.33865
            0.876804             3.08745             1.98213            0.695124            0.695124                   0            -2.40585
            0.864611              3.1537             2.00916            0.688539            0.688539                   0            -2.47413
            0.852281             3.22102             2.03665             0.68194             0.68194                   0             -2.5435
            0.839822             3.28935             2.06459            0.675329            0.675329                   0            -2.61394
            0.827244             3.35866             2.09295            0.668708            0.668708                   0            -2.68545
            0.814555              3.4289             2.12173            0.662081            0.662081                   0            -2.75803
            0.801765             3.50003              2.1509            0.655448            0.655448                   0            -2.83164
            0.788882             3.57201             2.18045            0.648814            0.648814                   0             -2.9063
            0.775915              3.6448             2.21036            0.642181            0.642181                   0            -2.98197
            0.762871             3.71834             2.24061             0.63555             0.63555                   0            -3.05864
            0.749758             3.79261             2.27118            0.628926            0.628926                   0             -3.1363
            0.736582             3.86756             2.30207            0.622309            0.622309                   0            -3.21491
            0.723351             3.94315             2.33325            0.615704            0.615704                   0            -3.29446
            0.710072             4.01935             2.36471            0.609111            0.609111                   0            -3.37492
            0.696748             4.09612             2.39643            0.602535            0.602535                   0            -3.45627
            0.683387             4.17341              2.4284            0.595978            0.595978                   0            -3.53846
            0.669992             4.25121              2.4606            0.589442            0.589442                   0            -3.62149
            0.656569             4.32948             2.49302            0.582929            0.582929                   0             -3.7053
             0.64312             4.40818             2.52565            0.576443            0.576443                   0            -3.78987
             0.62965             4.48729             2.55847            0.569986            0.569986                   0            -3.87517
            0.616162             4.56678             2.59147            0.563559            0.563559                   0            -3.96115
            0.602657             4.64662             2.62464            0.557167            0.557167                   0            -4.04778
            0.589139             4.72679             2.65796             0.55081             0.55081                   0            -4.13502
            0.575609             4.80725             2.69143            0.544492            0.544492                   0            -4.22283
            0.562068             4.88799             2.72503            0.538214            0.538214                   0            -4.31117
            0.548518             4.96898             2.75875            0.531979            0.531979                   0                -4.4
            0.534959             5.05021             2.79258            0.525789            0.525789                   0            -4.48928
