             1.22506             1.22466             1.22486            0.996861            0.996861                   0          -0.0101908
             1.22621             1.22459              1.2254            0.996669            0.996669                   0          -0.0114184
              1.2281             1.22446             1.22628            0.996347            0.996347                   0          -0.0134652
             1.23075              1.2243             1.22753            0.995898            0.995898                   0          -0.0163319
             1.23415             1.22408             1.22912             0.99532             0.99532                   0          -0.0200199
             1.23828             1.22382             1.23105            0.994614            0.994614                   0           -0.024531
             1.24314             1.22351             1.23333            0.993781            0.993781                   0           -0.029867
             1.24872             1.22317             1.23594             0.99282             0.99282                   0          -0.0360304
               1.255             1.22278             1.23889            0.991732            0.991732                   0          -0.0430239
             1.26196             1.22235             1.24216            0.990518            0.990518                   0          -0.0508503
             1.26959             1.22189             1.24574            0.989178            0.989178                   0          -0.0595131
             1.27788              1.2214             1.24964            0.987712            0.987712                   0          -0.0690158
              1.2868             1.22088             1.25384            0.986121            0.986121                   0          -0.0793621
             1.29634             1.22033             1.25833            0.984406            0.984406                   0           -0.090556
             1.30648             1.21975             1.26311            0.982568            0.982568                   0           -0.102602
             1.31719             1.21916             1.26817            0.980606            0.980606                   0           -0.115504
             1.32845             1.21855              1.2735            0.978521            0.978521                   0           -0.129267
             1.34025             1.21792             1.27909            0.976316            0.976316                   0           -0.143896
             1.35257             1.21728             1.28492            0.973989            0.973989                   0           -0.159395
             1.36537             1.21664               1.291            0.971542            0.971542                   0            -0.17577
             1.37865             1.21599             1.29732            0.968976            0.968976                   0           -0.193025
             1.39238             1.21534             1.30386            0.966292            0.966292                   0           -0.211165
             1.40653             1.21469             1.31061             0.96349             0.96349                   0           -0.230196
              1.4211             1.21405             1.31757            0.960572            0.960572                   0           -0.250123
             1.43606             1.21342             1.32474            0.957538            0.957538                   0            -0.27095
             1.45138              1.2128             1.33209             0.95439             0.95439                   0           -0.292682
             1.46706              1.2122             1.33963            0.951128            0.951128                   0           -0.315325
             1.48308             1.21162             1.34735            0.947753            0.947753                   0           -0.338883
             1.49941             1.21106             1.35523            0.944267            0.944267                   0           -0.363361
             1.51604             1.21052             1.36328            0.940671            0.940671                   0           -0.388763
             1.53295             1.21002             1.37148            0.936965            0.936965                   0           -0.415094
             1.55013             1.20954             1.37984            0.933151            0.933151                   0           -0.442359
             1.56757             1.20911             1.38834            0.929229            0.929229                   0            -0.47056
             1.58525              1.2087             1.39698            0.925202            0.925202                   0           -0.499703
             1.60315             1.20834             1.40575             0.92107             0.92107                   0            -0.52979
             1.62127             1.20802             1.41465            0.916835            0.916835                   0           -0.560826
              1.6396             1.20775             1.42367            0.912497            0.912497                   0           -0.592812
             1.65811             1.20753             1.43282            0.908059            0.908059                   0           -0.625753
             1.67681             1.20735             1.44208             0.90352             0.90352                   0            -0.65965
             1.69568             1.20723             1.45145            0.898884            0.898884                   0           -0.694507
             1.71471             1.20716             1.46093             0.89415             0.89415                   0           -0.730324
              1.7339             1.20714             1.47052            0.889321            0.889321                   0           -0.767104
             1.75324             1.20719             1.48021            0.884398            0.884398                   0           -0.804847
             1.77271             1.20729                1.49            0.879382            0.879382                   0           -0.843555
             1.79232             1.20746             1.49989            0.874274            0.874274                   0           -0.883229
             1.81206             1.20769             1.50988            0.869077            0.869077                   0           -0.923867
             1.83192             1.20798             1.51995            0.863792            0.863792                   0           -0.965471
              1.8519             1.20834             1.53012             0.85842             0.85842                   0            -1.00804
             1.87199             1.20877             1.54038            0.852964            0.852964                   0            -1.05157
             1.89219             1.20927             1.55073            0.847424            0.847424                   0            -1.09606
             1.91249             1.20984             1.56117            0.841802            0.841802                   0            -1.14151
             1.93289             1.21049             1.57169              0.8361              0.8361                   0            -1.18792
             1.95339              1.2112              1.5823            0.830321            0.830321                   0            -1.23528
             1.97398             1.21199             1.59299            0.824465            0.824465                   0            -1.28359
             1.99466             1.21286             1.60376            0.818534            0.818534                   0            -1.33285
             2.01543              1.2138             1.61462            0.812531            0.812531                   0            -1.38304
             2.03629             1.21482             1.62556            0.806457            0.806457                   0            -1.43417
             2.05723             1.21592             1.63658            0.800315            0.800315                   0            -1.48623
             2.07826              1.2171             1.64768            0.794106            0.794106                   0            -1.53921
             2.09936             1.21835             1.65886            0.787832            0.787832                   0            -1.59311
             2.12055             1.21969             1.67012            0.781496            0.781496                   0            -1.64791
             2.14181             1.22111             1.68146              0.7751              0.7751                   0             -1.7036
             2.16314             1.22261             1.69288            0.768645            0.768645                   0            -1.76019
             2.18455             1.22419             1.70437            0.762135            0.762135                   0            -1.81765
             2.20604             1.22585             1.71595            0.755571            0.755571                   0            -1.87598
             2.22759              1.2276              1.7276            0.748956            0.748956                   0            -1.93516
             2.24921             1.22943             1.73932            0.742293            0.742293                   0            -1.99518
             2.27091             1.23134             1.75112            0.735583            0.735583                   0            -2.05603
             2.29267             1.23334               1.763             0.72883             0.72883                   0            -2.11769
             2.31449             1.23541             1.77495            0.722035            0.722035                   0            -2.18014
             2.33638             1.23757             1.78698            0.715202            0.715202                   0            -2.24337
             2.35833             1.23982             1.79907            0.708333            0.708333                   0            -2.30737
             2.38033             1.24214             1.81124            0.701431            0.701431                   0            -2.37211
              2.4024             1.24455             1.82348            0.694499            0.694499                   0            -2.43757
             2.42452             1.24704             1.83578             0.68754             0.68754                   0            -2.50373
              2.4467             1.24962             1.84816            0.680556            0.680556                   0            -2.57058
             2.46892             1.25227             1.86059             0.67355             0.67355                   0            -2.63808
             2.49119               1.255              1.8731            0.666527            0.666527                   0            -2.70621
             2.51351             1.25781             1.88566            0.659487            0.659487                   0            -2.77496
             2.53587              1.2607             1.89829            0.652435            0.652435                   0            -2.84428
             2.55826             1.26367             1.91097            0.645375            0.645375                   0            -2.91416
             2.58069             1.26672             1.92371            0.638308            0.638308                   0            -2.98457
             2.60315             1.26984              1.9365            0.631238            0.631238                   0            -3.05547
             2.62564             1.27303             1.94934            0.624169            0.624169                   0            -3.12684
             2.64815              1.2763             1.96222            0.617103            0.617103                   0            -3.19864
             2.67067             1.27964             1.97516            0.610045            0.610045                   0            -3.27085
              2.6932             1.28305             1.98813            0.602997            0.602997                   0            -3.34342
             2.71575             1.28653             2.00114            0.595962            0.595962                   0            -3.41633
             2.73829             1.29007             2.01418            0.588945            0.588945                   0            -3.48953
             2.76083             1.29368             2.02725            0.581948            0.581948                   0              -3.563
             2.78335             1.29735             2.04035            0.574975            0.574975                   0            -3.63669
             2.80586             1.30108             2.05347            0.568029            0.568029                   0            -3.71057
             2.82834             1.30487              2.0666            0.561113            0.561113                   0             -3.7846
              2.8508             1.30871             2.07975            0.554231            0.554231                   0            -3.85874
             2.87321             1.31261             2.09291            0.547386            0.547386                   0            -3.93295
             2.89558             1.31655             2.10607             0.54058             0.54058                   0            -4.00719
              2.9179             1.32055             2.11923            0.533818            0.533818                   0            -4.08142
             2.94016             1.32459             2.13238            0.527102            0.527102                   0             -4.1556
             2.96236             1.32868             2.14552            0.520435            0.520435                   0             -4.2297
             2.98448              1.3328             2.15864            0.513821            0.513821                   0            -4.30367
             3.00651             1.33696             2.17174            0.507261            0.507261                   0            -4.37747
