                  -0                  -0                  -0                   1                   1                   0                  -0
                  -0                  -0                  -0                   1                   1                   0                  -0
                  -0                  -0                  -0                   1                   1                   0                  -0
            0.398372            0.398372            0.398372               0.999               0.999                   0           -0.001035
            0.796743            0.796743            0.796743               0.998               0.998                   0            -0.00414
             1.19512             1.19512             1.19512               0.997               0.997                   0           -0.009315
             1.22468             1.22468             1.22468            0.996926            0.996926                   0         -0.00978164
             1.22468             1.22468             1.22468            0.996926            0.996926                   0         -0.00978164
             1.22468             1.22468             1.22468            0.996926            0.996926                   0         -0.00978164
             1.59349             1.59349             1.59349               0.996               0.996                   0            -0.01656
             1.99186             1.99186             1.99186               0.995               0.995                   0           -0.025875
             2.39023             2.39023             2.39023               0.994               0.994                   0            -0.03726
              2.7886              2.7886              2.7886               0.993               0.993                   0           -0.050715
             3.18697             3.18697             3.18697               0.992               0.992                   0            -0.06624
             3.37172             3.37172             3.37172            0.991536            0.991536                   0          -0.0741422
             3.58535             3.58535             3.58535               0.991               0.991                   0           -0.083835
             3.98372             3.98372             3.98372                0.99                0.99                   0             -0.1035
             4.38209             4.38209             4.38209               0.989               0.989                   0           -0.125235
             4.78046             4.78046             4.78046               0.988               0.988                   0            -0.14904
             5.17883             5.17883             5.17883               0.987               0.987                   0           -0.174915
              5.5772              5.5772              5.5772               0.986               0.986                   0            -0.20286
             5.97558             5.97558             5.97558               0.985               0.985                   0           -0.232875
             6.37395             6.37395             6.37395               0.984               0.984                   0            -0.26496
             6.71442             6.71442             6.71442            0.983145            0.983145                   0           -0.294023
             6.77232             6.77232             6.77232               0.983               0.983                   0           -0.299115
             7.17069             7.17069             7.17069               0.982               0.982                   0            -0.33534
             7.56906             7.56906             7.56906               0.981               0.981                   0           -0.373635
             7.96743             7.96743             7.96743                0.98                0.98                   0              -0.414
             8.36581             8.36581             8.36581               0.979               0.979                   0           -0.456435
             8.60324             8.60324             8.60324            0.978404            0.978404                   0           -0.482711
             8.76418             8.76418             8.76418               0.978               0.978                   0            -0.50094
             9.16255             9.16255             9.16255               0.977               0.977                   0           -0.547515
             9.56092             9.56092             9.56092               0.976               0.976                   0            -0.59616
             9.95929             9.95929             9.95929               0.975               0.975                   0           -0.646875
             10.3577             10.3577             10.3577               0.974               0.974                   0            -0.69966
              10.756              10.756              10.756               0.973               0.973                   0           -0.754515
             11.1544             11.1544             11.1544               0.972               0.972                   0            -0.81144
             11.5528             11.5528             11.5528               0.971               0.971                   0           -0.870435
             11.9512             11.9512             11.9512                0.97                0.97                   0             -0.9315
             12.3495             12.3495             12.3495               0.969               0.969                   0           -0.994635
             12.7479             12.7479             12.7479               0.968               0.968                   0            -1.05984
             13.1463             13.1463             13.1463               0.967               0.967                   0            -1.12711
             13.5446             13.5446             13.5446               0.966               0.966                   0            -1.19646
              13.943              13.943              13.943               0.965               0.965                   0            -1.26787
             14.3414             14.3414             14.3414               0.964               0.964                   0            -1.34136
             14.7398             14.7398             14.7398               0.963               0.963                   0            -1.41691
             14.7734             14.7734             14.7734            0.962916            0.962916                   0            -1.42339
             14.7734             14.7734             14.7734            0.962916            0.962916                   0            -1.42339
             14.7734             14.7734             14.7734            0.962916            0.962916                   0            -1.42339
             14.7734             14.7734             14.7734            0.962916            0.962916                   0            -1.42339
             14.7734             14.7734             14.7734            0.962916            0.962916                   0            -1.42339
             14.7734             14.7734             14.7734            0.962916            0.962916                   0            -1.42339
             15.1381             15.1381             15.1381               0.962               0.962                   0            -1.49454
             15.5365             15.5365             15.5365               0.961               0.961                   0            -1.57423
             15.9349             15.9349             15.9349                0.96                0.96                   0              -1.656
             16.3332             16.3332             16.3332               0.959               0.959                   0            -1.73983
             16.7316             16.7316             16.7316               0.958               0.958                   0            -1.82574
               17.13               17.13               17.13               0.957               0.957                   0            -1.91371
             17.5284             17.5284             17.5284               0.956               0.956                   0            -2.00376
             17.9267             17.9267             17.9267               0.955               0.955                   0            -2.09587
             18.3251             18.3251             18.3251               0.954               0.954                   0            -2.19006
             18.7235             18.7235             18.7235               0.953               0.953                   0            -2.28631
             19.1218             19.1218             19.1218               0.952               0.952                   0            -2.38464
             19.5202             19.5202             19.5202               0.951               0.951                   0            -2.48503
             19.9186             19.9186             19.9186                0.95                0.95                   0             -2.5875
              20.317              20.317              20.317               0.949               0.949                   0            -2.69203
             20.7153             20.7153             20.7153               0.948               0.948                   0            -2.79864
             21.1137             21.1137             21.1137               0.947               0.947                   0            -2.90731
             21.5121             21.5121             21.5121               0.946               0.946                   0            -3.01806
             21.7039             21.7039             21.7039            0.945518            0.945518                   0            -3.07214
             21.9104             21.9104             21.9104               0.945               0.945                   0            -3.13087
             22.3088             22.3088             22.3088               0.944               0.944                   0            -3.24576
             22.7072             22.7072             22.7072               0.943               0.943                   0            -3.36271
             23.1056             23.1056             23.1056               0.942               0.942                   0            -3.48174
             23.5039             23.5039             23.5039               0.941               0.941                   0            -3.60283
             23.9023             23.9023             23.9023                0.94                0.94                   0              -3.726
             24.3007             24.3007             24.3007               0.939               0.939                   0            -3.85123
              24.699              24.699              24.699               0.938               0.938                   0            -3.97854
             25.0974             25.0974             25.0974               0.937               0.937                   0            -4.10791
             25.4958             25.4958             25.4958               0.936               0.936                   0            -4.23936
             25.8942             25.8942             25.8942               0.935               0.935                   0            -4.37287
             26.2925             26.2925             26.2925               0.934               0.934                   0            -4.50846
             26.6909             26.6909             26.6909               0.933               0.933                   0            -4.64611
             27.0893             27.0893             27.0893               0.932               0.932                   0            -4.78584
             27.4876             27.4876             27.4876               0.931               0.931                   0            -4.92763
             27.5764             27.5764             27.5764            0.930777            0.930777                   0             -4.9595
             27.5764             27.5764             27.5764            0.930777            0.930777                   0             -4.9595
             27.5764             27.5764             27.5764            0.930777            0.930777                   0             -4.9595
              27.886              27.886              27.886                0.93                0.93                   0             -5.0715
             28.2844             28.2844             28.2844               0.929               0.929                   0            -5.21743
             28.6828             28.6828             28.6828               0.928               0.928                   0            -5.36544
             29.0811             29.0811             29.0811               0.927               0.927                   0            -5.51551
             29.4795             29.4795             29.4795               0.926               0.926                   0            -5.66766
             29.8779             29.8779             29.8779               0.925               0.925                   0            -5.82187
             30.2762             30.2762             30.2762               0.924               0.924                   0            -5.97816
             30.6746             30.6746             30.6746               0.923               0.923                   0            -6.13651
              31.073              31.073              31.073               0.922               0.922                   0            -6.29694
             31.4714             31.4714             31.4714               0.921               0.921                   0            -6.45943
             31.8697             31.8697             31.8697                0.92                0.92                   0              -6.624
             32.2681             32.2681             32.2681               0.919               0.919                   0            -6.79063
             32.6665             32.6665             32.6665               0.918               0.918                   0            -6.95934
             32.9654             32.9654             32.9654             0.91725             0.91725                   0            -7.08729
             32.9654             32.9654             32.9654             0.91725             0.91725                   0            -7.08729
             33.0648             33.0648             33.0648               0.917               0.917                   0            -7.13011
             33.4632             33.4632             33.4632               0.916               0.916                   0            -7.30296
             33.8616             33.8616             33.8616               0.915               0.915                   0            -7.47787
             34.1621             34.1621             34.1621            0.914246            0.914246                   0            -7.61119
               34.26               34.26               34.26               0.914               0.914                   0            -7.65486
             34.6583             34.6583             34.6583               0.913               0.913                   0            -7.83391
             35.0567             35.0567             35.0567               0.912               0.912                   0            -8.01504
             35.4551             35.4551             35.4551               0.911               0.911                   0            -8.19823
             35.8535             35.8535             35.8535                0.91                0.91                   0             -8.3835
             36.2518             36.2518             36.2518               0.909               0.909                   0            -8.57083
             36.6502             36.6502             36.6502               0.908               0.908                   0            -8.76024
             37.0486             37.0486             37.0486               0.907               0.907                   0            -8.95171
             37.4469             37.4469             37.4469               0.906               0.906                   0            -9.14526
             37.8453             37.8453             37.8453               0.905               0.905                   0            -9.34087
             38.2437             38.2437             38.2437               0.904               0.904                   0            -9.53856
             38.6421             38.6421             38.6421               0.903               0.903                   0            -9.73831
             39.0404             39.0404             39.0404               0.902               0.902                   0            -9.94014
             39.4388             39.4388             39.4388               0.901               0.901                   0             -10.144
              39.501              39.501              39.501            0.900844            0.900844                   0            -10.1761
             39.8372             39.8372             39.8372                 0.9                 0.9                   0              -10.35
