                   0                   1                   1                   0                   0
                   0                   1                   1                   0         3.92919e-28
                   0                   1                   1                   0         3.92919e-28
            0.499997            0.998746            0.998746                   0         -0.00162837
            0.999994            0.997496            0.997496                   0         -0.00650533
             1.22846            0.996926            0.996926                   0          -0.0098118
             1.49999            0.996249            0.996249                   0          -0.0146187
             1.99999            0.995005            0.995005                   0          -0.0259563
             2.38602            0.994046            0.994046                   0          -0.0369078
             2.49998            0.993764            0.993764                   0          -0.0405062
             2.99998            0.992526            0.992526                   0          -0.0582562
              3.4005            0.991536            0.991536                   0          -0.0747751
             3.49998            0.991291            0.991291                   0          -0.0791945
             3.99998            0.990059            0.990059                   0           -0.103309
             4.49997             0.98883             0.98883                   0           -0.130588
             4.99997            0.987605            0.987605                   0           -0.161021
             5.49997            0.986382            0.986382                   0           -0.194594
             5.99996            0.985162            0.985162                   0           -0.231296
             6.49996            0.983946            0.983946                   0           -0.271116
             6.82953            0.983145            0.983145                   0           -0.299063
             6.99996            0.982732            0.982732                   0           -0.314043
             7.49995            0.981521            0.981521                   0           -0.360065
             7.99995            0.980314            0.980314                   0           -0.409169
             8.49995            0.979109            0.979109                   0           -0.461346
             8.79314            0.978404            0.978404                   0           -0.493366
             8.99995            0.977907            0.977907                   0           -0.516584
             9.49994            0.976708            0.976708                   0           -0.574871
             9.99994            0.975513            0.975513                   0           -0.636196
             10.4999             0.97432             0.97432                   0           -0.700549
